00000000001100010000000010110011
01000000011000101000001000110011
00000000100101000100001110110011
00000000110001011110010100110011
00000000111101110111011010110011
00000001001010001001100000110011
00000001010110100101100110110011
01000001100010111101101100110011
00000001101111010010110010110011
00000001111011101011111000110011
00000000101000010000000010010011
00000000010100100111000110010011
00000000111100110110001010010011
00000000011101000100001110010011
00000000000001010000010010000011
00000000010001100001010110000011
00000000100001110010011010000011
00000000110010000100011110000011
00000001000010010101100010000011
00000000000100010000000000100011
00000000001100100001001000100011
00000000010100110010010000100011
00000010100000111000011001100011
00000010101001001001011001100011
00000010110001011100011001100011
00000010111001101101011001100011
00000011000001111110011001100011
00000011001010001111011001100011
00000010110000000000100111101111
00000000000010101000101001100111
00000001000000000000101100110111
00000010000000000000101110010111
00000000000000000000000001110011
00000000000000000000000000010011
00000000000000000000000000010011
00000000000000000000000000010011
00000000000000000000000000010011
00000000000000000000000000010011
00000000000000000000000000010011
00000000000000000000000000010011
00010011100010000000000110010111
01111110000000011000000110010011
00000000000000000000000000010011
00000000000000010000000010010011
11111111111100010100000010010011
01000000001000000000000010110011
00000000000100010011000010010011
00000000001000000011000010110011
00000000000000010010000010110011
00000000001000000010000010110011
11111100000000001000110011100011
11111100000000001001101011100011
11111100000100000101100011100011
11111100000000001101011011100011
11111100000000001100010011100011
11111100000100000100001011100011
11111100000100010100000011100011
11111010000100010101111011100011
11111010000100010110110011100011
11111010000100010111101011100011